0.392687
9.342680
11.764250
20.468814
21.139654
28.911586
29.484255
36.863499
37.485254
44.979032
45.764406
53.274546
54.059921
56.170614
56.694196
65.562380
66.216858
75.477728
75.477728
91.201573
91.823328
107.890774
108.479804
120.554932
121.340306
128.719551
129.292219
136.360587
136.998703
144.377948
144.999702
152.608014
153.246131
155.324100
155.684063
173.420429
173.420429
187.000857
187.557164
202.348377
202.921046
214.603486
215.290689
222.555400
223.046259
230.474589
230.998172
238.246521
238.802827
246.116624
246.362054
256.391936
256.391936
263.722095
264.212954
271.264959
271.755818
280.182228
280.182228
286.677927
287.266957
294.089895
294.662564
301.780017
302.254514
304.545188
305.085133
325.766652
326.175702
339.379804
339.968835
352.322116
352.927509
364.446329
365.411685
372.087365
372.561862
380.628309
380.628309
387.025836
387.631229
394.421443
394.863216
397.088442
397.808369
417.802686
417.802686
431.661267
432.217574
444.521769
445.088238
456.454284
457.165720
463.941306
464.449475
471.106488
471.580779
482.370900
482.862130
495.109001
495.109001
503.527667
503.968080
511.522858
512.031027
519.772134
520.263364
527.665692
528.089166
535.305165
535.830273
543.385051
543.927098
546.027530
546.264675
567.184297
567.184297
580.751460
581.258681
596.491667
597.031611
609.024929
609.597598
616.895033
617.353168
624.634240
625.157823
632.373448
632.831583
640.521705
640.979840
643.188705
643.385048
660.188783
660.188783
675.438131
675.863542
689.460332
689.983914
702.353557
703.106207
722.200616
722.200616
732.606824
733.146769
742.914860
743.520252
761.109361
