6.851926
21.518901
21.518901
30.021894
30.682321
37.864461
38.524887
45.156671
45.789580
52.146187
52.806613
59.053149
59.631022
65.987628
66.510466
72.674448
73.224804
79.361268
79.884106
86.130641
86.708514
92.872496
93.477887
99.614351
100.137189
106.191100
106.768973
112.877920
113.455793
119.399633
120.032542
126.003899
126.664326
132.525612
133.158521
139.129879
139.707752
145.679109
146.284501
152.145787
152.778696
158.584947
159.107784
165.079142
165.629497
171.600855
172.096175
177.902426
178.397746
184.286550
184.781870
190.560603
191.055923
197.054798
197.550118
203.356369
203.961760
209.795529
210.373402
216.317242
216.867598
222.646331
223.196686
228.947901
229.553293
235.304508
235.827346
241.661114
242.128916
247.907650
248.458005
254.099149
254.677023
260.345685
260.868522
266.702291
267.170093
272.866273
273.334075
279.663164
279.773235
285.084166
285.772110
291.385737
291.853539
297.577236
298.072556
303.658665
304.236538
309.850165
310.345485
319.013584
319.591458
325.012460
325.562815
331.176442
331.644244
337.312906
337.863261
346.421290
347.026681
352.447683
353.080592
358.501594
358.996914
364.500469
365.023307
370.609416
371.049700
376.663326
377.103611
382.469577
383.157522
388.771148
389.211433
397.796979
398.347334
403.878407
404.456281
409.959836
410.427638
415.903676
416.536585
422.205247
422.728084
428.176604
428.699442
434.230515
434.780871
440.201873
440.752228
446.228266
446.833657
452.447283
452.915085
458.391123
459.024032
464.555105
464.967872
470.443909
470.994265
476.497820
476.965622
482.414142
482.964497
488.495571
488.935855
494.521964
494.989766
500.575875
500.961123
506.464679
507.015034
512.463554
512.958874
518.407394
519.012785
524.433787
524.929107
530.322591
530.817911
536.459055
536.926857
542.540484
543.035804
548.566877
549.062197
554.620788
555.033554
560.592145
561.032430
566.728610
567.223930
572.892591
573.332876
578.698842
579.221680
584.670200
585.165520
590.779146
591.301984
597.025682
597.548519
611.224854
612.325565
627.845591
628.010698
636.568727
637.091564
644.769024
645.264344
651.951164
652.391448
658.968197
659.380963
665.792605
666.150336
672.479425
672.919710
679.056174
679.606529
685.908100
686.348384
692.484849
692.897615
699.199186
699.556917
705.720899
706.078630
712.105023
712.600343
718.709290
719.067021
725.203485
725.588734
731.422503
731.945340
737.971733
738.412018
744.410893
744.878695
751.042677
751.400408
757.206659
757.674955
763.694693
764.114675
770.146080
770.558979
776.693487
777.076893
783.919228
784.450099
795.837291
796.257273
807.624777
808.044759
819.384264
820.112232
828.875850
829.407827
843.295221
